%YAML:1.0
result: 3.3188470001032089e-002
