%YAML:1.0
img1: !!opencv-matrix
   rows: 1
   cols: 200
   dt: f
   data: [ 1.94174759e-002, 0., 2.91262139e-002, 9.70873795e-003, 0., 0.,
       0., 0., 0., 0., 5.82524277e-002, 9.70873795e-003, 0.,
       2.91262139e-002, 9.70873795e-003, 0., 1.94174759e-002, 0., 0.,
       3.88349518e-002, 0., 0., 0., 9.70873795e-003, 0., 9.70873795e-003,
       0., 0., 9.70873795e-003, 0., 0., 0., 9.70873795e-003, 0., 0., 0.,
       9.70873795e-003, 9.70873795e-003, 9.70873795e-003,
       9.70873795e-003, 0., 9.70873795e-003, 9.70873795e-003,
       9.70873795e-003, 0., 9.70873795e-003, 3.88349518e-002,
       9.70873795e-003, 1.94174759e-002, 9.70873795e-003,
       9.70873795e-003, 2.91262139e-002, 0., 0., 0., 0., 0., 0.,
       1.94174759e-002, 0., 0., 0., 9.70873795e-003, 0., 1.94174759e-002,
       9.70873795e-003, 9.70873795e-003, 0., 0., 0., 0., 0., 0., 0., 0.,
       0., 9.70873795e-003, 9.70873795e-003, 0., 0., 0., 0.,
       9.70873795e-003, 0., 0., 0., 0., 0., 0., 9.70873795e-003, 0.,
       9.70873795e-003, 0., 9.70873795e-003, 0., 1.94174759e-002, 0., 0.,
       0., 0., 0., 9.70873795e-003, 0., 2.91262139e-002, 0., 0., 0., 0.,
       0., 9.70873795e-003, 0., 0., 9.70873795e-003, 0., 0., 0.,
       3.88349518e-002, 0., 0., 0., 0., 0., 0., 0., 9.70873795e-003,
       2.91262139e-002, 0., 0., 9.70873795e-003, 0., 0., 0., 0.,
       9.70873795e-003, 0., 0., 0., 0., 1.94174759e-002, 0., 0.,
       3.88349518e-002, 0., 9.70873795e-003, 0., 0., 0., 0.,
       9.70873795e-003, 0., 9.70873795e-003, 0., 2.91262139e-002, 0., 0.,
       9.70873795e-003, 0., 9.70873795e-003, 0., 9.70873795e-003, 0., 0.,
       0., 1.94174759e-002, 0., 0., 0., 9.70873795e-003, 0.,
       9.70873795e-003, 0., 9.70873795e-003, 0., 0., 0., 9.70873795e-003,
       0., 0., 0., 0., 0., 9.70873795e-003, 0., 0., 9.70873795e-003, 0.,
       0., 0., 0., 9.70873795e-003, 0., 0., 0., 0., 9.70873795e-003, 0.,
       0., 0., 0., 0. ]
