%YAML:1.0
matSrc: !!opencv-matrix
   rows: 32
   cols: 32
   dt: "3u"
   data: [ 160, 148, 131, 161, 151, 128, 154, 149, 126, 162, 152, 122,
       156, 146, 122, 154, 145, 131, 159, 141, 130, 156, 147, 132, 154,
       144, 132, 154, 147, 127, 149, 144, 127, 154, 146, 131, 149, 143,
       129, 150, 138, 132, 152, 139, 128, 151, 141, 132, 144, 148, 136,
       157, 151, 132, 158, 152, 149, 164, 159, 151, 172, 168, 164, 175,
       179, 163, 185, 182, 167, 190, 179, 175, 200, 189, 173, 202, 191,
       178, 201, 195, 176, 203, 199, 180, 200, 200, 182, 203, 199, 179,
       206, 203, 188, 210, 204, 191, 151, 150, 134, 161, 148, 123, 158,
       149, 128, 162, 150, 139, 156, 144, 128, 160, 146, 129, 161, 145,
       129, 155, 146, 138, 153, 144, 136, 155, 149, 130, 152, 147, 132,
       159, 142, 137, 148, 146, 131, 156, 145, 132, 157, 147, 137, 159,
       145, 142, 152, 152, 141, 159, 157, 143, 168, 161, 147, 170, 164,
       160, 173, 171, 169, 187, 176, 172, 183, 183, 169, 201, 184, 178,
       193, 189, 170, 198, 187, 180, 203, 193, 183, 201, 194, 181, 203,
       195, 191, 202, 201, 183, 201, 201, 180, 206, 202, 191, 160, 142,
       126, 159, 149, 122, 155, 149, 124, 161, 148, 125, 161, 144, 128,
       158, 143, 128, 158, 149, 132, 161, 148, 135, 158, 152, 130, 160,
       153, 134, 163, 146, 141, 156, 144, 136, 161, 147, 140, 160, 149,
       144, 161, 151, 150, 164, 152, 148, 164, 156, 143, 165, 153, 151,
       165, 161, 158, 172, 166, 161, 173, 169, 165, 186, 172, 170, 186,
       179, 175, 191, 182, 180, 195, 189, 170, 200, 192, 184, 205, 194,
       177, 203, 198, 180, 200, 198, 189, 197, 199, 179, 202, 201, 180,
       201, 205, 181, 161, 150, 122, 157, 146, 119, 158, 154, 125, 154,
       150, 124, 154, 149, 122, 163, 142, 130, 152, 151, 123, 157, 145,
       134, 163, 149, 131, 170, 152, 142, 164, 152, 145, 167, 145, 139,
       154, 151, 144, 162, 155, 147, 165, 154, 148, 165, 156, 154, 168,
       157, 155, 163, 156, 159, 86, 127, 180, 90, 139, 171, 170, 165,
       164, 176, 169, 166, 189, 175, 176, 187, 183, 167, 193, 183, 174,
       201, 194, 179, 206, 196, 178, 200, 200, 180, 202, 201, 181, 202,
       202, 190, 206, 206, 185, 200, 203, 191, 148, 146, 121, 160, 151,
       118, 151, 145, 125, 162, 149, 123, 164, 151, 128, 154, 149, 124,
       153, 148, 128, 167, 147, 131, 159, 155, 129, 170, 153, 141, 161,
       153, 139, 163, 156, 144, 165, 155, 147, 161, 158, 150, 168, 156,
       153, 168, 156, 154, 170, 163, 158, 59, 130, 174, 85, 141, 186, 82,
       150, 181, 83, 159, 190, 163, 159, 175, 185, 176, 170, 189, 176,
       177, 194, 187, 178, 194, 189, 178, 208, 193, 180, 207, 202, 180,
       208, 202, 180, 204, 205, 185, 198, 207, 183, 202, 203, 186, 159,
       147, 128, 155, 150, 125, 159, 146, 121, 168, 145, 126, 156, 151,
       122, 161, 146, 131, 168, 152, 135, 167, 152, 135, 163, 147, 140,
       160, 147, 146, 163, 153, 147, 164, 155, 142, 164, 152, 155, 170,
       156, 160, 171, 157, 161, 168, 162, 154, 153, 164, 168, 68, 137,
       178, 77, 146, 196, 79, 156, 198, 85, 158, 194, 85, 157, 193, 179,
       173, 180, 190, 180, 176, 192, 186, 176, 199, 185, 184, 202, 190,
       180, 200, 195, 183, 201, 202, 184, 207, 203, 190, 207, 203, 185,
       194, 192, 172, 158, 149, 122, 158, 146, 133, 154, 151, 123, 155,
       158, 117, 166, 146, 127, 165, 150, 136, 165, 145, 130, 167, 151,
       145, 166, 155, 140, 168, 154, 144, 160, 154, 141, 167, 158, 145,
       164, 151, 151, 167, 153, 156, 165, 161, 160, 170, 161, 161, 70,
       127, 154, 74, 132, 183, 78, 156, 199, 81, 158, 200, 81, 155, 209,
       88, 158, 198, 81, 158, 190, 190, 178, 177, 187, 182, 170, 195,
       183, 179, 202, 186, 179, 203, 195, 182, 208, 197, 190, 210, 203,
       189, 201, 198, 179, 179, 179, 166, 154, 150, 129, 155, 150, 124,
       167, 150, 134, 162, 148, 124, 169, 144, 133, 167, 146, 128, 161,
       148, 136, 164, 149, 145, 172, 153, 145, 171, 159, 149, 174, 161,
       147, 167, 161, 159, 172, 161, 153, 173, 162, 163, 172, 164, 167,
       173, 161, 171, 77, 125, 159, 79, 139, 184, 79, 151, 201, 86, 166,
       204, 81, 172, 203, 86, 164, 195, 83, 159, 198, 94, 148, 182, 185,
       184, 175, 188, 184, 182, 202, 193, 179, 204, 194, 187, 201, 197,
       187, 205, 200, 185, 196, 191, 171, 178, 180, 159, 155, 152, 128,
       156, 147, 128, 157, 155, 129, 163, 148, 137, 166, 154, 127, 162,
       141, 133, 149, 154, 125, 166, 162, 152, 168, 159, 137, 171, 161,
       152, 172, 159, 158, 172, 158, 160, 170, 160, 167, 175, 166, 169,
       174, 168, 171, 178, 167, 171, 57, 125, 154, 71, 139, 187, 78, 153,
       205, 92, 170, 217, 81, 159, 211, 84, 167, 206, 85, 154, 197, 84,
       162, 192, 193, 186, 177, 192, 186, 175, 199, 187, 180, 208, 190,
       176, 202, 199, 176, 198, 189, 179, 188, 183, 168, 177, 168, 159,
       152, 155, 130, 156, 156, 136, 168, 151, 127, 166, 155, 132, 152,
       145, 135, 68, 80, 67, 79, 88, 84, 59, 78, 74, 93, 98, 99, 170,
       158, 152, 176, 164, 158, 175, 168, 160, 173, 162, 158, 178, 163,
       171, 183, 168, 175, 69, 114, 133, 59, 121, 157, 66, 141, 193, 73,
       149, 200, 81, 160, 204, 79, 167, 208, 80, 167, 206, 85, 163, 205,
       82, 155, 184, 176, 168, 179, 190, 182, 174, 191, 189, 171, 202,
       189, 171, 197, 187, 168, 195, 187, 170, 187, 179, 161, 170, 170,
       158, 165, 153, 129, 159, 149, 128, 158, 151, 133, 165, 147, 124,
       162, 153, 129, 47, 60, 59, 60, 72, 74, 48, 72, 65, 37, 40, 58,
       165, 157, 158, 176, 164, 162, 179, 166, 165, 174, 164, 172, 180,
       170, 172, 173, 169, 166, 57, 112, 143, 55, 123, 158, 62, 138, 191,
       74, 159, 205, 86, 163, 211, 81, 166, 219, 87, 167, 213, 80, 156,
       199, 82, 154, 194, 88, 148, 188, 190, 183, 174, 196, 186, 178,
       196, 184, 176, 195, 185, 176, 181, 175, 171, 181, 175, 152, 172,
       169, 152, 162, 148, 128, 167, 152, 133, 170, 152, 131, 163, 151,
       129, 171, 155, 135, 33, 48, 52, 35, 58, 58, 70, 75, 77, 54, 57,
       64, 174, 162, 156, 178, 160, 160, 182, 165, 159, 173, 168, 167,
       182, 168, 170, 167, 163, 169, 56, 115, 139, 53, 122, 159, 68, 131,
       185, 75, 153, 206, 78, 165, 212, 77, 159, 203, 78, 157, 207, 78,
       159, 205, 78, 148, 197, 83, 138, 183, 188, 184, 176, 191, 188,
       173, 187, 185, 176, 189, 178, 170, 181, 177, 166, 180, 171, 159,
       169, 170, 150, 167, 157, 128, 156, 153, 124, 167, 154, 131, 162,
       150, 131, 171, 148, 131, 117, 105, 99, 38, 52, 60, 62, 83, 80, 64,
       74, 73, 175, 162, 156, 175, 165, 160, 179, 170, 161, 179, 170,
       168, 186, 169, 172, 169, 156, 163, 62, 117, 147, 59, 126, 168, 53,
       133, 183, 71, 149, 193, 75, 158, 208, 77, 159, 203, 77, 152, 208,
       73, 153, 201, 65, 151, 192, 72, 133, 176, 190, 181, 172, 188, 186,
       170, 190, 186, 169, 183, 181, 162, 180, 175, 163, 173, 174, 154,
       172, 170, 147, 163, 152, 124, 160, 156, 121, 159, 153, 125, 164,
       158, 124, 168, 153, 130, 166, 152, 140, 137, 128, 113, 133, 128,
       124, 169, 152, 147, 173, 163, 153, 178, 168, 158, 185, 169, 167,
       179, 166, 174, 178, 168, 169, 154, 149, 153, 60, 113, 146, 53,
       125, 167, 52, 130, 183, 73, 139, 200, 75, 158, 205, 69, 154, 201,
       76, 151, 205, 74, 149, 199, 68, 149, 189, 63, 130, 182, 179, 178,
       168, 186, 175, 169, 181, 179, 172, 182, 176, 163, 179, 175, 159,
       176, 170, 153, 165, 162, 155, 165, 154, 123, 162, 153, 134, 164,
       153, 133, 172, 154, 135, 169, 148, 149, 169, 154, 138, 170, 157,
       138, 171, 156, 153, 178, 161, 155, 175, 163, 157, 178, 169, 161,
       179, 168, 161, 176, 173, 163, 177, 168, 166, 150, 140, 149, 56,
       102, 140, 54, 123, 167, 54, 128, 186, 66, 136, 202, 75, 146, 203,
       72, 154, 192, 65, 143, 197, 58, 143, 191, 63, 138, 195, 66, 131,
       176, 158, 150, 165, 182, 180, 171, 187, 176, 167, 178, 173, 154,
       172, 166, 161, 168, 166, 142, 157, 161, 151, 158, 154, 124, 162,
       153, 123, 163, 151, 122, 166, 155, 130, 165, 152, 139, 166, 152,
